505335291 738766720 1493 203
1217869
1338845
1880309
2823376
3401692
4344352
4359185
6212915
6966532
7107163
7299990
7876228
7888187
9053011
9320001
10583078
11131095
11199140
11719343
12411384
12658242
13998347
14095671
14286816
14957602
15220422
15510275
15727910
15889803
16469266
16809231
17667964
18420857
18846560
19296505
19903268
19929910
20092424
20263598
20283264
20339018
20510726
21056178
21276481
21562801
21847399
21921989
22582298
22665204
22942243
24571165
25036184
25185440
25569527
28506567
30444903
30807871
30842561
31141930
31927257
32140452
32142672
32271944
32868691
33081029
34049809
36063034
37477545
37529306
37651391
37803094
38251031
38781682
38869261
39335037
39380641
40060712
40380923
41784935
42751371
43688432
43734501
45599442
46923388
47822392
49558515
50123075
50411245
51445704
51510766
52236570
52502637
53413674
54108319
55076375
55446382
56463803
56538849
57566690
57923501
58192881
58405421
59750320
60697755
61852908
62460708
62589218
62988009
63148891
63542478
63640989
64451040
64687518
65335767
65437160
65660949
66001093
67198578
68402301
68499056
69105071
69325134
69395403
69479400
69880444
69927737
70006255
71275519
71635035
71710913
71852904
72515158
72555401
73713947
76065556
76283935
76985948
77852217
77946368
79694565
79897980
80050316
80483966
81364825
81602045
81621013
82784719
83462647
83642928
83904588
85110608
85324948
85997068
86294125
86365279
87972053
89290916
89527961
89548592
90614663
91270521
92150455
92417172
92693413
92694328
94326251
94586484
94707740
95245429
95423136
95435805
95538688
96322427
96423063
97407825
97824349
97993090
98080786
98642175
99322668
99567434
100595319
100637144
101808633
102393256
103698529
104256651
104529147
104552210
104915155
105208190
105806545
106555354
106880752
107607613
108860041
108887946
109689525
109859276
109962062
109988685
110683601
112633356
112769996
112856678
114511174
114848287
116183837
116737480
117293041
118287248
118722483
118805998
119207955
120584620
120739186
120740539
120886055
121405532
121859122
122498773
122977965
123520769
123920866
123931205
124090837
124484332
124533483
124752874
124998052
125441097
125624493
126754857
127188239
127304342
127572932
127683874
127858257
128003179
128632220
129681764
130946095
131283197
131374919
131390827
131674859
132871356
134021840
134141467
136124768
136260193
136452091
137795674
139271735
139613154
139999107
141711961
142145073
142559277
142670658
143538338
143775286
144848934
145219718
145871697
146294955
146564470
146709413
147980075
148019792
148648493
148740220
149052230
149585093
150704933
151544087
151590308
151618900
152240793
152407113
152685530
153668405
156301549
156621635
156957474
157503345
157542900
157669900
158636506
158980795
159037792
160204720
160688728
160769035
160953413
161183275
163152381
163351765
163568002
163887271
164517859
165315979
168449050
169201840
170300289
171784617
171801970
172902618
173180602
175028086
175627773
176000220
179078624
179513972
179667235
180657410
181590068
182952155
183385015
183782701
184308286
185210919
185370731
185951891
186387561
186949182
187656423
189039050
190151028
190766499
191596516
191798935
193357213
193640354
193650730
194012473
194903572
196623380
200052133
200070607
201643377
203760495
204298799
205669618
206518701
207300031
208416505
209179462
209546517
210450164
211233355
211507637
212365145
212508284
213426940
215484108
216488828
217140834
220170559
221122296
221979106
222056454
222932390
223022391
223380606
223447970
223570432
223708709
224547593
224872768
225969645
226506632
226643751
228185483
228435929
228650543
228878904
229325564
229476427
229772340
229949533
231755445
232657483
237124751
238067668
238610786
239073261
239626617
239825308
240232895
240846243
242066738
242961651
244872175
246155741
246202476
246268260
246381412
246812083
247604523
247885169
248477204
250342331
250423633
250838601
250878948
250940317
251169896
251302270
251388537
251604740
251612840
253694156
253841795
254767985
254868876
256686708
256891364
258910216
258969189
259331543
259365274
259855525
259938127
260663018
260777056
261072626
261608745
263443229
263610957
263684786
263864981
264188142
265876196
266052877
266487077
267408460
267479464
267507791
267854037
267936719
269551217
271812998
272027799
272222121
273052737
273284574
274210151
278768936
281246002
281776068
281993045
282100765
282219534
283646888
284804352
284957272
286489516
286538988
287145308
290102375
290994567
291137693
291541641
293560085
293725882
294057120
294409157
294758321
294825067
295306217
295713351
296685961
296860784
298187161
299025351
299781722
300193141
300436094
300479595
301041910
301437904
303868575
304718150
304933670
305169505
305548551
306162225
307141323
308216577
308868053
309535160
309559765
310277415
310284487
310844167
310933914
313805322
313967190
314453472
316631753
318494158
319488008
319502787
320065016
320148891
320304201
320426630
320628642
321051233
321183664
321933459
322782253
323821185
323961374
324032038
324367993
324770910
327570583
328460057
328635593
328892999
329202974
331433569
332736402
333933941
334467652
334653410
334673303
336002123
336233481
336286011
336565388
338748306
338837570
339710380
339905150
340939189
341159209
341668910
342669377
344179306
345919923
346261941
346458119
347484445
347506027
347744995
348749110
349450132
350363509
350482993
350909520
351026979
352346036
352537197
352564401
355526674
355752825
356224093
356798666
357648192
358086391
358659022
358779321
359176009
359807271
359941320
360484006
362731085
363250899
363885698
365379551
365691362
366623031
367855481
368605586
369301963
369345123
370188361
371801940
371814464
372827096
373569651
373877098
374085775
375215943
376063164
376968492
377829563
378670714
379167347
379187547
379631639
380759627
381614107
382153733
384813701
384900704
385108013
385427287
386164176
387238038
387893278
389719951
389806078
391631335
392897114
393655243
394627436
395615762
396210922
396405945
396476315
396489716
397917233
398789397
399692981
399878157
400267119
400668914
401942446
402837685
402839629
402840940
403564386
403766989
403981895
404108067
405434678
405573801
405879525
406252823
406349397
407077703
407081508
410155355
410465145
413230288
413527773
414626784
414757121
415088914
416760899
417110674
418269865
418289592
418964919
420295862
420565147
420749539
420829514
423333148
423381547
424007340
424363005
424438369
425190780
428554309
428696451
429853600
430941221
431013786
431639651
432186208
433537133
433665798
434079667
434102367
434126367
435689196
436105297
436132519
437079735
437956693
439933718
441034094
441459441
441539566
441805717
445332259
446900730
447466265
448169944
448392972
448663106
448912348
449040362
449106236
449436479
449911156
450252542
451515076
452047708
453008152
453252186
454037652
454385271
454616703
455599920
456403357
456501258
456949259
457627920
457879878
458022106
458108298
458153300
458402977
458975681
461331685
462093962
462523174
465273482
467016504
467126312
467696834
468121962
470531882
471229329
471486300
472205765
473478159
473720740
474318191
475413205
476633237
477552912
478526355
478551345
479052926
479496052
479663801
480789597
480933890
481203304
481713357
482051727
484063651
485818413
488295847
489275794
489586495
490116119
490543942
491597343
491917856
491929598
492025059
492204545
492653395
493120423
493616769
493708131
493960483
494182945
495258273
495497078
495812641
496875112
497113551
497296125
498437724
500155065
500224568
502300472
502389585
502820864
503737128
504783486
506509597
510705326
510880046
511047753
512117343
514365487
514767525
514977472
515523284
515793710
518000167
518753357
519732734
521384078
523143216
524055257
524292460
525439815
526162786
526439792
526905908
526954296
526959717
527008398
527272241
528208519
528482259
529731569
531138354
531221947
532878172
533207029
533480766
533752145
534175914
535013323
535081139
538906242
539487057
540198772
540666997
540862015
541705840
541930257
542149966
542561379
543286977
546845168
547197014
547737892
548402401
548526650
549644953
552146361
552499431
553607495
554195508
554405276
554557477
554629471
554991854
555142225
555273437
555730001
556016209
556083669
556718093
557053578
557196007
557586404
557659124
558069167
558543918
558928460
560986761
562282518
562452309
564204999
565753682
566786195
567092527
567856278
569513001
570073869
574096042
574459106
575124287
575794802
575905142
575945357
576716517
578248473
579064998
579219913
580624862
581397231
581426249
582413361
582691149
582867844
584256378
584600451
585598221
586259351
586456623
587890751
588348454
589255077
590060816
590293553
590669330
590673016
591232730
592234068
593674653
595274014
595758533
596076397
597281482
598742339
600458459
601922145
601943290
601976349
602262936
603036980
603639696
604481333
604620292
605139723
605161110
605459512
606137947
606183357
606543707
608508916
609783441
610150658
611697809
612266076
612778019
613527898
614658085
615376820
616154104
616178338
616467418
618225602
618972673
620522690
621187422
621545183
622415903
624481506
624589737
624930281
625882752
627337949
627584088
628231760
628335247
628809588
629267811
629339938
632288773
633210105
633599502
633689894
633939029
635050179
636004372
637479783
638786616
639541802
639725103
639841735
640552857
641170275
641305971
644566052
645164418
646430494
648206275
648497665
648705761
649031997
649171079
649675352
649676605
650477949
653397026
653677905
653835250
653844877
657617598
658726301
658749881
659770734
660237184
661307721
661460485
662776136
662809031
663022713
664015407
664527016
665086439
665286566
666106872
667007407
667079834
668388467
670262453
670576883
671389648
671560108
673208584
673465517
675255613
676504564
676716552
677221992
678813799
679104240
681139430
681208588
682007530
682319630
683112204
683401481
683547757
684255914
687862106
687881599
687891978
688359621
688527864
688590199
689079081
690333705
690902721
691125318
691319854
692244705
692907790
693014654
694879416
695236273
696516926
696912973
697033508
697254585
697405595
697483941
697593028
697787482
697917984
698661738
699431136
700115198
700530452
700641593
701071580
701282266
702201195
703736141
704238521
705339816
706005984
706659574
707329041
707653429
707654260
707918295
708193626
708933099
709228141
709391452
709748101
710239537
710472519
710748353
710801356
711494939
711686690
712050346
712102600
713242869
713648739
713697403
715529048
715867046
716916346
717205446
717782175
720790848
721452913
721784295
722049752
725522873
725569216
726457586
726952083
727405781
727525396
727807028
727832972
729233522
729722950
729865878
731980162
732119247
732353746
732602762
732773836
732856589
732952042
733104974
733382983
733567105
735530423
735874892
735992758
738257723
738412234
738528855
738564995
738580589
739004616
740126860
740387960
741085555
742443550
744137828
745566847
746088061
747983061
748088890
748286447
748368019
748906351
749152493
750041906
751241294
752853337
753180439
753359888
753642690
754563499
755619018
756583729
757108445
757374659
757635017
757772422
758021096
758141570
758211941
758299178
758564219
758937081
759157118
759545957
760017147
760231850
761007726
761513625
761668479
764198903
764404924
764429628
765169074
765315912
765905773
766468201
766623227
767635641
768158802
768169703
768724962
769195222
769601417
770285422
770679339
770935071
771870143
772380193
772642268
772685707
773280341
773912389
774341853
774563310
774945968
776043747
776256694
776809479
776875736
778499483
778555544
779528355
781942133
782161277
784344816
785455955
785642798
788368433
789685375
789986840
790167474
791420504
791764004
791800053
792121681
793232229
794154775
794186282
794320798
794749509
796515033
797125539
797233982
798673965
799292574
799788543
800350448
801055273
801377130
801534996
801806811
801991294
802369242
802450830
803298131
804061814
804090230
804259615
804347010
804792557
806160327
806170317
806552114
809302367
810602822
811419322
811858188
812290401
813243354
813703786
816475224
816722917
816728765
817783251
819346212
820715049
820868569
820879608
821915841
822399368
823309404
826008781
826393210
826485935
828020562
828855964
829044876
829541303
830001248
830033717
830134557
830340569
830644336
831471675
832766230
834448150
834571519
835189782
835498230
835842843
837041257
837649037
838320095
839125255
839331561
839630143
840429993
841401918
841563488
841732802
841860397
842503232
842810931
843215527
843828057
845048829
846829499
847415957
847417210
847843114
850350080
850443999
852411052
853457466
853559767
855164224
855992857
856263019
856414481
857052313
857204553
858342940
859085020
859167019
859528693
860052375
860422267
863661629
865606520
865751277
867293034
868404149
868661085
868693823
869148309
869949095
870892646
871317759
872373510
872775003
873365299
873829445
874070850
874453602
874971875
875493762
876794693
878052718
879797488
880103350
880751112
881465139
883852317
883919283
884765882
885833953
886316547
886327041
886355766
886770675
888440209
889044858
889411597
889636487
890139754
890405116
891062958
891447935
891879805
891889683
894361211
894388124
894430184
895978621
898454432
899067718
899594812
901547803
901609488
902333892
902624696
903701104
905720090
905877391
906156498
907066083
908043920
908593525
908656695
909918078
910201445
910380361
910453237
910504265
910751391
911385592
911562302
911616330
912544692
912906419
914301352
914867649
915372424
915414715
915889425
916019101
916134651
916634694
916801489
917419769
918239913
918621301
918881504
919267369
921107611
921187517
922589865
922969257
924032991
924236913
924378708
925017088
925132827
926886555
927392262
927523570
927774765
927844959
928098081
928529901
928668567
929239969
929335687
929581969
929729673
930570137
930899473
932327709
933017650
933273483
933830776
934694597
934765993
937791070
938556928
938831224
939351423
940119300
940346279
941155750
941163007
942308470
943485634
944147809
944907309
946222145
946661080
947467093
948750501
949039869
950086075
950624493
951570109
952204573
952428636
952725674
953173607
953900668
956078796
957237947
957540489
958837823
960291349
960522005
960683745
961289150
962151022
962380334
965666427
967482743
969181211
969344843
969425500
971449989
971905314
972174753
972373649
972488719
973858124
974504224
974810322
975404908
976958478
977148938
977969525
978025521
978878326
979066988
979173097
979351556
980824585
982577334
983384218
983462215
983812205
984447488
984510288
984614855
984783676
985409080
985436156
985438270
985482136
986253272
986337799
986878785
987332161
988101465
988641348
988905598
990509805
990516447
991901644
993024930
993958377
994305469
994535918
995065596
995451514
996503019
997622706
998251960
998266649
999697544
1157185
6044233
10966304
15243072
18173839
18872890
32874434
35257950
41890416
43734185
44078296
54664475
57885369
60064255
69247659
70101640
70791034
76480943
77319897
78937145
80138599
81467838
82615877
82860621
84896869
91042236
101631841
101963665
102423546
107100335
107986099
110222431
112639958
114691563
115846352
119615028
124725189
128916054
131166045
133590397
143988714
144777797
146315935
146548455
148182699
148876431
164500301
167024471
168676056
174929315
188216879
193029571
193104640
202961177
215070357
220399619
221598736
221906078
224303542
230458030
241519929
245541792
248021279
249403295
252625893
255825172
265459721
267450543
279466300
279906332
280634013
304768729
306112593
319967989
332019172
332248302
334467860
339750674
340026679
341003824
346243249
347505457
359699651
382150737
385414750
386349943
395451779
395810965
396563007
405390582
406199160
410251484
413336481
423360796
424160111
424711021
429736808
431664125
432201749
433852324
434433945
437761204
453058766
455623170
455797407
457015953
463144978
468785938
471627225
483609460
486755407
487527552
488798040
497137062
504740954
506178859
508811140
519777444
531691480
532824457
533197365
534976673
539788643
539876574
542951146
543283577
545108226
545656997
547526346
548461538
548603160
554296043
559372633
574904705
582334649
583033700
583077834
589039480
595869076
598652252
599100728
601906590
607948679
619228752
628966967
630237455
664662342
677471730
680843736
686833173
695930767
701923559
709109026
715501211
716530996
719750914
727453524
731076647
735837645
748281027
757127999
763827853
778820878
785542244
786292245
799146873
804109837
811848075
830302781
831114918
832481129
834114832
838794832
846621449
852025746
856375146
861830354
874498145
881879399
882850780
886026380
902213667
910131536
913995694
914319767
922816781
932941096
936543874
942050381
944283175
946606185
946989026
950486612
957743723
962710683
966299474
968710028
970920810
976325592
981378670
983278697
990774080
993363430
